row.names,Stratum,Strip,x,y
1,1,1,0,0
2,1,1,0,10
3,1,1,8,10
4.1,1,1,8,0
5.1,1,1,0,0
6.1,1,1,8,0
5,1,2,8,0
6,1,2,8,30
7,1,2,16,30
8,1,2,16,0
11.1,1,2,8,0
12.1,1,2,16,0
9,1,3,16,0
10,1,3,16,30
11,1,3,24,30
12,1,3,24,0
17.1,1,3,16,0
18.1,1,3,24,0
13,1,4,24,0
14,1,4,24,27
15,1,4,32,27
16,1,4,32,0
23.1,1,4,24,0
24.1,1,4,32,0
17,1,5,32,0
18,1,5,32,21
19,1,5,40,21
20,1,5,40,0
29.1,1,5,32,0
30.1,1,5,40,0
21,1,6,40,0
22,1,6,40,12
23,1,6,48,12
24,1,6,48,0
35.1,1,6,40,0
36.1,1,6,48,0
25,2,1,0,0
26,2,1,0,-23
27,2,1,8,-23
28,2,1,8,0
39.1,2,1,0,0
40.1,2,1,8,0
29,2,2,8,0
30,2,2,8,-23
31,2,2,16,-23
32,2,2,16,0
45,2,2,8,0
46,2,2,16,0
33,2,3,16,0
34,2,3,16,-15
35,2,3,24,-15
36,2,3,24,0
51,2,3,16,0
52,2,3,24,0
37,2,4,24,0
38,2,4,24,-12
39,2,4,32,-12
40,2,4,32,0
57,2,4,24,0
58,2,4,32,0
41,2,5,32,0
42,2,5,32,-7
43,2,5,40,-7
44,2,5,40,0
63,2,5,32,0
64,2,5,40,0
